5
  -19	  -15	   13	   10	   -4
	    4	   -2	    0	    7	   13
	  -12	  -18	   -2	    2	   15
	   18	   16	   -5	   11	  -16
	    8	   11	  -11	   -4	  -15
	    3	   -6	   12	   11	   -5
5
  -19	    4	    1	    5	   10
	    8	    7	  -11	   18	   -2
	  -17	   16	   -7	   18	    1
	    2	    8	   10	   -7	   12
	   18	   -1	   10	   13	   -4
	    8	    7	  -11	   18	   -2
5
   11	  -16	    0	    4	   19
	    0	  -18	    8	    5	  -19
	    7	    0	   10	  -12	   12
	  -15	    5	    0	   -1	   -8
	   17	  -20	   10	    0	  -18
	   16	  -14	  -16	  -13	    0